-221851143
-274860545
-614674085
-786562672
1973993788
-422587138
921751351
909499186
797144197
-1622272503
2041858565
2116439689
-1620791551
-2106550060
507530719
1400283245
159074694
-1151326474
1683435010
1764394081
-698991294
-979422650
2108877379
-1444752585
-1201420483
498452899
710132696
-118264862
530087003
1738912356
1647023112
476947235
1303283566
-1679406039
-159605160
-1237418533
-1624036569
426073581
1635675029
-1656824760
-2090584185
331066020
1256171640
1302365098
-682357325
508228857
435481263
-529478754
669383032
-642475809
-1017163897
-196562306
177477469
1234665898
-1528375927
-427223751
1813722502
-2117665733
1821607776
1927605462
677233220
-482975730
-1100568262
-1707034373
349621799
2129386291
-66958255
1065475703
-2008755604
-707585764
-2119931602
353972132
-858186416
-649734510
1502252961
1010110332
409962917
1387346737
194227581
-1739325237
-538226608
-719164432
121322910
2082504520
1070093382
2017753816
876793443
-295185667
566806614
-800768405
-244902094
-1593479099
1068250150
-1811675737
-901529895
1428389272
-627650760
1871574933
1195780388
-1531383285
